	00, 00, 00, 00, 00, 00, 00, 00,
	01, 03, 06, 0C, 18, 3E, 03, 00,
	80, C0, 60, 30, 18, 7C, C0, 00,
	00, 03, 3E, 18, 0C, 06, 03, 01,
	00, C0, 7C, 18, 30, 60, C0, 80,
	03, 03, 03, 03, 03, 03, 03, 03,
	03, 03, 03, 07, 07, 0F, 1F, 7F,
	E0, 80, 00, 00, 00, 00, 80, E0,
	07, 01, 00, 00, 00, 00, 01, 07,
	00, 00, 00, 01, 03, 06, 0C, 18,
	00, 00, 00, 80, C0, 60, 30, 18,
	18, 30, 60, C0, 80, 00, 00, 00,
	18, 0C, 06, 03, 01, 00, 00, 00,
	00, 00, 00, 1F, 1F, 18, 18, 18,
	00, 00, 00, F8, F8, 18, 18, 18,
	18, 18, 18, F8, F8, 00, 00, 00,
	18, 18, 18, 1F, 1F, 00, 00, 00,
	00, 00, 00, 03, 07, 0C, 18, 18,
	00, 00, 00, C0, E0, 30, 18, 18,
	18, 18, 30, E0, C0, 00, 00, 00,
	18, 18, 0C, 07, 03, 00, 00, 00,
	18, 18, 18, 1F, 1F, 18, 18, 18,
	18, 18, 18, F8, F8, 18, 18, 18,
	18, 18, 18, FF, FF, 00, 00, 00,
	00, 00, 00, FF, FF, 18, 18, 18,
	18, 18, 18, FF, FF, 18, 18, 18,
	18, 18, 18, 18, 18, 18, 18, 18,
	00, 00, 00, FF, FF, 00, 00, 00,
	18, 3C, 66, C3, C3, 66, 3C, 18,
	18, 3C, 7E, FF, FF, 7E, 3C, 18,
	18, 66, C3, DB, DB, C3, 66, 18,
	00, 00, 00, 00, 00, FF, FF, FF,
	00, 00, 00, 00, 00, 00, 00, 00,
	18, 18, 18, 18, 00, 00, 18, 00,
	66, 66, 66, 00, 00, 00, 00, 00,
	66, 66, FF, 66, FF, 66, 66, 00,
	18, 3E, 58, 3C, 1A, 7C, 18, 00,
	00, 00, 00, 00, 00, 49, 49, 00,
	3C, 66, 3C, 38, 67, 66, 3F, 00,
	06, 0C, 18, 00, 00, 00, 00, 00,
	0C, 18, 30, 30, 30, 18, 0C, 00,
	30, 18, 0C, 0C, 0C, 18, 30, 00,
	00, 66, 3C, FF, 3C, 66, 00, 00,
	00, 18, 18, 7E, 18, 18, 00, 00,
	00, 00, 00, 00, 00, 18, 18, 30,
	00, 00, 00, 7E, 00, 00, 00, 00,
	00, 00, 00, 00, 00, 18, 18, 00,
	00, 03, 06, 0C, 18, 30, 60, 00,
	3C, 66, 66, 66, 66, 66, 3C, 00,
	18, 18, 38, 18, 18, 18, 7E, 00,
	3C, 66, 06, 0C, 30, 60, 7E, 00,
	3C, 66, 06, 1C, 06, 66, 3C, 00,
	06, 0E, 1E, 66, 7F, 06, 06, 00,
	7E, 60, 7C, 06, 06, 66, 3C, 00,
	3C, 66, 60, 7C, 66, 66, 3C, 00,
	7E, 66, 0C, 18, 18, 18, 18, 00,
	3C, 66, 66, 3C, 66, 66, 3C, 00,
	3C, 66, 66, 3E, 06, 66, 3C, 00,
	00, 00, 18, 00, 00, 18, 00, 00,
	00, 00, 18, 00, 00, 18, 18, 30,
	0E, 18, 30, 60, 30, 18, 0E, 00,
	7C, 82, BA, A2, BA, 82, 7C, 00,
	70, 18, 0C, 06, 0C, 18, 70, 00,
	3C, 66, 06, 0C, 18, 00, 18, 00,
	00, 00, 00, FF, FF, 00, 00, 00,
	18, 3C, 66, 7E, 66, 66, 66, 00,
	7C, 66, 66, 7C, 66, 66, 7C, 00,
	3C, 66, 60, 60, 60, 66, 3C, 00,
	78, 6C, 66, 66, 66, 6C, 78, 00,
	7E, 60, 60, 78, 60, 60, 7E, 00,
	7E, 60, 60, 78, 60, 60, 60, 00,
	3C, 66, 60, 6E, 66, 66, 3C, 00,
	66, 66, 66, 7E, 66, 66, 66, 00,
	3C, 18, 18, 18, 18, 18, 3C, 00,
	1E, 0C, 0C, 0C, 0C, 6C, 38, 00,
	66, 6C, 78, 70, 78, 6C, 66, 00,
	60, 60, 60, 60, 60, 60, 7E, 00,
	63, 77, 7F, 6B, 63, 63, 63, 00,
	66, 76, 7E, 7E, 6E, 66, 66, 00,
	3C, 66, 66, 66, 66, 66, 3C, 00,
	7C, 66, 66, 7C, 60, 60, 60, 00,
	3C, 66, 66, 66, 66, 3C, 0E, 00,
	7C, 66, 66, 7C, 78, 6C, 66, 00,
	3C, 66, 60, 3C, 06, 66, 3C, 00,
	7E, 18, 18, 18, 18, 18, 18, 00,
	66, 66, 66, 66, 66, 66, 3C, 00,
	66, 66, 66, 66, 66, 3C, 18, 00,
	63, 63, 63, 6B, 7F, 77, 63, 00,
	66, 66, 3C, 18, 3C, 66, 66, 00,
	66, 66, 66, 3C, 18, 18, 18, 00,
	7E, 06, 0C, 18, 30, 60, 7E, 00,
	3C, 30, 30, 30, 30, 30, 3C, 00,
	0C, 12, 30, 7C, 30, 62, FC, 00,
	3C, 0C, 0C, 0C, 0C, 0C, 3C, 00,
	00, 00, 00, 00, 00, DB, DB, 00,
	00, 10, 30, 7F, 7F, 30, 10, 00,
	66, 66, 66, 00, 00, 00, 00, 00,
	00, 00, 3C, 06, 3E, 66, 3E, 00,
	00, 60, 60, 7C, 66, 66, 7C, 00,
	00, 00, 3C, 60, 60, 60, 3C, 00,
	00, 06, 06, 3E, 66, 66, 3E, 00,
	00, 00, 3C, 66, 7E, 60, 3C, 00,
	00, 0E, 18, 3E, 18, 18, 18, 00,
	00, 00, 3E, 66, 66, 3E, 06, 7C,
	00, 60, 60, 7C, 66, 66, 66, 00,
	00, 18, 00, 38, 18, 18, 3C, 00,
	00, 06, 00, 06, 06, 06, 06, 3C,
	00, 60, 60, 6C, 78, 6C, 66, 00,
	00, 38, 18, 18, 18, 18, 3C, 00,
	00, 00, 66, 7F, 7F, 6B, 63, 00,
	00, 00, 7C, 66, 66, 66, 66, 00,
	00, 00, 3C, 66, 66, 66, 3C, 00,
	00, 00, 7C, 66, 66, 7C, 60, 60,
	00, 00, 3E, 66, 66, 3E, 06, 06,
	00, 00, 7C, 66, 60, 60, 60, 00,
	00, 00, 3E, 60, 3C, 06, 7C, 00,
	00, 18, 7E, 18, 18, 18, 0E, 00,
	00, 00, 66, 66, 66, 66, 3E, 00,
	00, 00, 66, 66, 66, 3C, 18, 00,
	00, 00, 63, 6B, 7F, 3E, 36, 00,
	00, 00, 66, 3C, 18, 3C, 66, 00,
	00, 00, 66, 66, 66, 3E, 0C, 78,
	00, 00, 7E, 0C, 18, 30, 7E, 00,
	01, 03, 06, 6C, 78, 70, 60, 00,
	18, 3C, 7E, FF, 18, 18, 18, 18,
	18, 18, 18, 18, FF, 7E, 3C, 18,
	10, 30, 70, FF, FF, 70, 30, 10,
	08, 0C, 0E, FF, FF, 0E, 0C, 08